[cam_0]
name = "1"
size = [ 1920, 1080,]
matrix = [ [ 1376.4030376186556, 0.0, 959.5,], [ 0.0, 1376.4030376186556, 539.5,], [ 0.0, 0.0, 1.0,],]
distortions = [ -0.0009101108215494804, 0.0, 0.0, 0.0, 0.0,]
rotation = [ -0.004914919702580119, -0.0009648476314880203, -0.021528558994124453,]
translation = [ -0.3103697753383482, -5.083022097493232, 31.95694188249778,]

[cam_1]
name = "2"
size = [ 1920, 1080,]
matrix = [ [ 1372.6977095864052, 0.0, 959.5,], [ 0.0, 1372.6977095864052, 539.5,], [ 0.0, 0.0, 1.0,],]
distortions = [ -0.00864119004857615, 0.0, 0.0, 0.0, 0.0,]
rotation = [ 0.133209056236771, -0.4681542750884132, -0.03989821551185763,]
translation = [ 386.435340701724, 120.56674356494449, 110.44516570566861,]

[cam_2]
name = "3"
size = [ 1920, 1080,]
matrix = [ [ 1439.9849643583955, 0.0, 959.5,], [ 0.0, 1439.9849643583955, 539.5,], [ 0.0, 0.0, 1.0,],]
distortions = [ 0.0048792689877622634, 0.0, 0.0, 0.0, 0.0,]
rotation = [ 0.2676815090729505, -2.641082688202218, -1.5325704576593027,]
translation = [ -259.97992228679215, -598.0984900850973, 935.8036514165518,]

[cam_3]
name = "4"
size = [ 1920, 1080,]
matrix = [ [ 1404.3529060880444, 0.0, 959.5,], [ 0.0, 1404.3529060880444, 539.5,], [ 0.0, 0.0, 1.0,],]
distortions = [ 0.0014089704264113267, 0.0, 0.0, 0.0, 0.0,]
rotation = [ -0.15794145487091202, -2.788550628420822, -1.323202031967383,]
translation = [ -245.9023605195412, -516.908857483363, 1081.330613264846,]

[metadata]
adjusted = false
error = 0.35952704189937545
