[cam_0]
name = "1"
size = [ 1920, 1080,]
matrix = [ [ 1373.978390534333, 0.0, 959.5,], [ 0.0, 1373.978390534333, 539.5,], [ 0.0, 0.0, 1.0,],]
distortions = [ 0.020922474298917883, 0.0, 0.0, 0.0, 0.0,]
rotation = [ -0.004109305598473936, 0.0068889752441527365, 0.011094170417861673,]
translation = [ -4.2617501834258125, -2.753081528331296, 27.390332507748624,]

[cam_1]
name = "2"
size = [ 1920, 1080,]
matrix = [ [ 1403.1643050970022, 0.0, 959.5,], [ 0.0, 1403.1643050970022, 539.5,], [ 0.0, 0.0, 1.0,],]
distortions = [ 0.020278701442254972, 0.0, 0.0, 0.0, 0.0,]
rotation = [ 0.134814637402347, -0.4600634189241326, -0.0013717611721845374,]
translation = [ 397.10809784709716, 129.9702801622353, 116.53549840527769,]

[cam_2]
name = "3"
size = [ 1920, 1080,]
matrix = [ [ 1370.913318437146, 0.0, 959.5,], [ 0.0, 1370.913318437146, 539.5,], [ 0.0, 0.0, 1.0,],]
distortions = [ -0.013105249088143762, 0.0, 0.0, 0.0, 0.0,]
rotation = [ 0.24954582478093848, -2.63550064935338, -1.5270043516583223,]
translation = [ -257.5860526118813, -601.1576602740408, 905.6915575292654,]

[cam_3]
name = "4"
size = [ 1920, 1080,]
matrix = [ [ 1363.0360880273377, 0.0, 959.5,], [ 0.0, 1363.0360880273377, 539.5,], [ 0.0, 0.0, 1.0,],]
distortions = [ -0.0069106477640188246, 0.0, 0.0, 0.0, 0.0,]
rotation = [ -0.18868182535266853, -2.7676297413199977, -1.3122298841899347,]
translation = [ -235.42313010970827, -519.2484787376383, 1063.9432865517201,]

[metadata]
adjusted = false
error = 0.3220077695399167
