[cam_0]
name = "1"
size = [ 1920, 1080,]
matrix = [ [ 1438.5936946976033, 0.0, 959.5,], [ 0.0, 1438.5936946976033, 539.5,], [ 0.0, 0.0, 1.0,],]
distortions = [ -0.08962617873078665, 0.0, 0.0, 0.0, 0.0,]
rotation = [ -0.1577881864974643, 0.10576271882232564, 0.35298364918198477,]
translation = [ -28.318779021238104, -101.10223515418969, -14.752029472367315,]

[cam_1]
name = "2"
size = [ 1920, 1080,]
matrix = [ [ 1438.5994284376643, 0.0, 959.5,], [ 0.0, 1438.5994284376643, 539.5,], [ 0.0, 0.0, 1.0,],]
distortions = [ -0.08962308147746918, 0.0, 0.0, 0.0, 0.0,]
rotation = [ -0.15778761790558737, 0.10576158119480802, 0.3529835456238009,]
translation = [ -28.318185803972053, -101.10179614506015, -14.74985445083361,]

[cam_2]
name = "3"
size = [ 1920, 1080,]
matrix = [ [ 1323.2831099604282, 0.0, 959.5,], [ 0.0, 1323.2831099604282, 539.5,], [ 0.0, 0.0, 1.0,],]
distortions = [ -0.04802114177797895, 0.0, 0.0, 0.0, 0.0,]
rotation = [ -0.1302508281838531, -2.3619503532846626, -1.5960415154428775,]
translation = [ -205.09663253686892, -694.3876900432903, 805.3039632675737,]

[cam_3]
name = "4"
size = [ 1920, 1080,]
matrix = [ [ 1314.7492461354357, 0.0, 959.5,], [ 0.0, 1314.7492461354357, 539.5,], [ 0.0, 0.0, 1.0,],]
distortions = [ -0.0818887387457696, 0.0, 0.0, 0.0, 0.0,]
rotation = [ -0.5720512733379888, -2.4577010659761735, -1.4429113750444065,]
translation = [ -222.03159003984348, -630.9840084285322, 972.17799291097,]

[metadata]
adjusted = false
error = 0.29305969517121094
